1005885
1005850
1005934
1005899
1005901
1005900
None
2172
2171
2170
2169
2168
2167
2166
2165
2164
2163
2162
1005950
1005953
2178
2177
2176
2175
2174
2173
2179
1005979
2183
2182
2181
2180
1005988
2184
1005999
1005998
1005997
2188
2187
2186
2185
2198
2197
2196
2195
2194
2193
2192
2191
2190
2189
1006035
1006033
2199
1006075
1006074
2203
2202
2201
2200
2206
2205
2204
1006140
1006176
1006173
2207
1006223
1006222
2210
2209
2208
1006263
1006262
1006261
1006307
1006306
2211
2212
1006349
1006348
1006347
1006367
1006366
1006365
2216
2215
2214
2213
1006405
1006407
2219
2218
2217
2220
2221
2223
2222
2224
2227
2226
2225
1006465
1006467
1006466
2229
2228
1006495
2233
2232
2231
2230
1006527
1006553
1006560
1006561
1006552
2235
2234
1006578
1006577
2236
1006594
1006593
1006592
1006591
1006590
1006589
2237
2240
2239
2238
2241
2243
2242
2244
1006709
1006720
1006719
1006721
1006718
1006717
1006715
1006716
1006712
1006711
1006706
1006707
2245
1006760
1006781
1006800
1006799
1006794
1006801
1006797
1006795
2246
1006793
2250
2249
2248
2247
1006893
1006892
1006891
1006889
1006888
1006890
2251
2252
1007002
1007000
1007001
1006999
1006998
1006995
2255
2254
2253
1007008
2256
1007032
2257
2261
2260
2259
2258
1007214
2265
2264
2263
2262
1007232
1007233
1007226
1007224
1007234
1007235
2267
2266
2272
2271
2270
2269
2268
1007308
1007309
1007317
1007313
1007315
1007316
2273
2275
2274
1007355
2277
2276
1007462
1007461
1007445
1007501
1007443
2281
2280
2279
2278
1007560
1007564
1007563
1007553
1007555
2282
1007608
1007606
1007601
1007589
1007596
1007593
2284
2283
1007635
2285
1007665
1007664
1007735
1007746
1007737
2286
2287
1007882
1007870
1007827
1007831
1007832
1007876
1007829
2291
2290
2289
2288
1007901
1007960
1007950
1007944
2293
2292
2294
1008109
1008102
1008101
1008098
1008104
1008093
1008092
1008091
1008085
1008088
2295
